2 0 44 84
0 0
1 0
2 0
3 0
4 0
5 0
6 0
7 0
8 0
9 0
10 0
11 0
12 0
13 0
14 0
15 0
16 0
17 0
18 0
19 0
20 0
21 0
22 0
23 0
24 0
25 0
26 0
27 0
28 0
29 0
30 0
31 0
32 0
33 0
34 0
35 0
36 0
37 0
38 0
39 0
40 0
41 0
42 0
43 0
18 19
2 3
6 7
10 11
22 23
26 27
30 31
34 35
42 43
22 25
14 18
18 22
38 42
2 7
10 15
14 19
18 23
30 35
34 39
38 43
2 8
6 12
30 36
34 40
7 8
27 28
31 32
35 36
39 40
23 25
27 29
11 15
19 23
3 8
7 12
15 20
31 36
35 40
3 9
7 13
31 37
35 41
8 9
4 5
12 13
16 17
28 29
32 33
36 37
40 41
28 30
0 4
12 16
24 28
0 5
8 13
12 17
16 21
32 37
36 41
4 10
8 14
32 38
4 11
1 2
5 6
13 14
17 18
21 22
29 30
37 38
21 24
13 17
17 21
1 6
9 14
13 18
17 22
29 34
33 38
37 42
1 7
5 11
29 35
0
0 -1 0 0 0 0
1 -1 0 0 0 0
2 -1 0 0 0 0
3 -1 0 0 0 0
4 -1 0 0 0 0
5 -1 0 0 0 0
6 -1 0 0 0 0
7 -1 0 0 0 0
8 -1 0 0 0 0
9 -1 0 0 0 0
10 -1 0 0 0 0
11 -1 0 0 0 0
12 -1 0 0 0 0
13 -1 0 0 0 0
14 -1 0 0 0 0
15 -1 0 0 0 0
16 -1 0 0 0 0
17 -1 0 0 0 0
18 -1 0 0 0 0
19 -1 0 0 0 0
20 -1 0 0 0 0
21 -1 0 0 0 0
22 -1 0 0 1 0
23 -1 0 0 1 0
24 -1 0 0 0 0
25 0 10 0 1 0
26 -1 0 0 0 0
27 -1 0 0 0 0
28 -1 0 0 0 0
29 -1 0 0 0 0
30 -1 0 0 0 0
31 -1 0 0 0 0
32 -1 0 0 0 0
33 -1 0 0 0 0
34 1 0 10 1 0
35 -1 0 0 0 0
36 -1 0 0 0 0
37 -1 0 0 0 0
38 -1 0 0 0 0
39 -1 0 0 0 0
40 -1 0 0 0 0
41 -1 0 0 0 0
42 -1 0 0 0 0
43 -1 0 0 0 0