33 16
#################################
    # # # #           # # # #    
### # # # # # ##### # # # # # ###
#   #   #   #       #   #   #   #
# # # ### # ### # ### # ### # # #
# #       # #   #   # #       # #
# # ### # # # # # # # # # ### # #
# #   # #       #       # #   # #
# ### # ##### # # # ##### # ### #
#             #   #             #
### # ### ### # # # ### ### # ###
    #   # ### #   # ### #   #    
### # # # ### ##### ### # # # ###
#   # #                   # #   #
# ### ### # # ##### # # ### ### #
#################################
0 0
3
0 1 7 9 ROCK 0 0
1 1 31 11 PAPER 0 0
1 0 1 11 PAPER 0 0
26
6 9 1
5 9 1
4 9 1
3 9 1
2 9 1
1 9 1
8 9 1
9 9 1
10 9 1
11 9 1
12 9 1
13 9 1
7 8 1
7 7 1
7 6 1
7 5 1
30 11 1
29 11 1
32 11 1
0 11 1
2 11 1
3 11 1
13 10 10
19 10 10
13 13 10
19 13 10
0 0
3
0 1 7 9 ROCK 5 9
1 1 31 11 PAPER 5 9
1 0 1 11 PAPER 5 9
26
6 9 1
5 9 1
4 9 1
3 9 1
2 9 1
1 9 1
8 9 1
9 9 1
10 9 1
11 9 1
12 9 1
13 9 1
7 8 1
7 7 1
7 6 1
7 5 1
30 11 1
29 11 1
32 11 1
0 11 1
2 11 1
3 11 1
13 10 10
19 10 10
13 13 10
19 13 10
4 4
3
0 1 9 9 ROCK 4 8
1 1 29 11 PAPER 4 8
1 0 3 11 PAPER 4 8
25
6 9 1
5 9 1
4 9 1
3 9 1
2 9 1
1 9 1
10 9 1
11 9 1
12 9 1
13 9 1
9 10 1
9 11 1
9 12 1
9 13 1
9 14 1
32 11 1
0 11 1
29 10 1
29 9 1
29 12 1
29 13 1
13 10 10
19 10 10
13 13 10
19 13 10
8 8
3
0 1 11 9 ROCK 3 7
1 1 29 13 PAPER 3 7
1 0 3 9 PAPER 3 7
15
6 9 1
5 9 1
4 9 1
2 9 1
1 9 1
12 9 1
13 9 1
30 13 1
31 13 1
29 10 1
29 9 1
13 10 10
19 10 10
13 13 10
19 13 10
12 12
3
0 1 13 9 ROCK 2 6
1 1 31 13 PAPER 2 6
1 0 5 9 PAPER 2 6
15
6 9 1
2 9 1
1 9 1
13 8 1
13 7 1
13 6 1
13 5 1
13 11 1
13 12 1
13 14 1
31 14 1
13 10 10
19 10 10
13 13 10
19 13 10
24 24
2
0 1 13 11 ROCK 1 5
1 1 31 14 PAPER 1 5
8
13 8 1
13 7 1
13 6 1
13 5 1
13 12 1
13 14 1
13 13 10
19 13 10
35 35
3
0 1 13 13 ROCK 0 4
0 0 19 13 ROCK 0 4
1 1 30 13 PAPER 0 4
22
12 13 1
11 13 1
10 13 1
9 13 1
8 13 1
7 13 1
14 13 1
15 13 1
16 13 1
17 13 1
18 13 1
20 13 1
21 13 1
22 13 1
23 13 1
24 13 1
25 13 1
13 8 1
13 7 1
13 6 1
13 5 1
13 14 1
36 37
2
0 1 13 14 ROCK 0 3
1 1 31 13 PAPER 0 3
4
13 8 1
13 7 1
13 6 1
13 5 1
36 39
3
0 1 13 13 ROCK 0 2
0 0 21 13 ROCK 0 2
1 1 31 14 PAPER 0 2
19
12 13 1
11 13 1
10 13 1
9 13 1
8 13 1
7 13 1
14 13 1
15 13 1
16 13 1
17 13 1
18 13 1
22 13 1
23 13 1
24 13 1
25 13 1
13 8 1
13 7 1
13 6 1
13 5 1
37 41
3
0 1 14 13 ROCK 0 1
0 0 22 13 ROCK 0 1
1 1 31 13 PAPER 0 1
13
12 13 1
11 13 1
10 13 1
9 13 1
8 13 1
7 13 1
15 13 1
16 13 1
17 13 1
18 13 1
23 13 1
24 13 1
25 13 1
38 43
4
0 1 15 13 ROCK 0 0
0 0 23 13 ROCK 0 0
1 1 30 13 PAPER 0 0
1 0 9 13 PAPER 0 0
10
12 13 1
11 13 1
10 13 1
8 13 1
7 13 1
16 13 1
17 13 1
18 13 1
24 13 1
25 13 1
38 43
4
0 1 15 13 ROCK 5 9
0 0 23 13 ROCK 5 9
1 1 30 13 PAPER 5 9
1 0 9 13 PAPER 5 9
10
12 13 1
11 13 1
10 13 1
8 13 1
7 13 1
16 13 1
17 13 1
18 13 1
24 13 1
25 13 1
40 47
4
0 1 17 13 ROCK 4 8
0 0 25 13 ROCK 4 8
1 1 29 12 PAPER 4 8
1 0 7 13 PAPER 4 8
6
12 13 1
11 13 1
10 13 1
18 13 1
29 10 1
29 9 1
42 51
2
0 1 19 13 ROCK 3 7
1 1 29 10 PAPER 3 7
9
12 13 1
11 13 1
10 13 1
19 8 1
19 7 1
19 6 1
19 5 1
19 14 1
29 9 1
44 55
2
0 1 19 11 ROCK 2 6
1 1 30 9 PAPER 2 6
9
19 8 1
19 7 1
19 6 1
19 5 1
19 14 1
28 9 1
27 9 1
26 9 1
31 9 1
46 58
3
0 1 19 9 ROCK 1 5
0 0 27 9 ROCK 1 5
1 1 31 8 PAPER 1 5
12
26 9 1
28 9 1
19 8 1
19 7 1
19 6 1
19 5 1
19 14 1
31 7 1
31 6 1
31 5 1
31 4 1
31 3 1
50 62
2
0 1 19 7 ROCK 0 4
1 1 31 6 PAPER 0 4
12
18 7 1
17 7 1
20 7 1
21 7 1
22 7 1
23 7 1
19 6 1
19 5 1
19 14 1
31 5 1
31 4 1
31 3 1
52 64
2
0 1 18 7 ROCK 0 3
1 1 31 5 PAPER 0 3
7
17 7 1
20 7 1
21 7 1
22 7 1
23 7 1
31 4 1
31 3 1
54 66
2
0 1 17 7 ROCK 0 2
1 1 31 4 PAPER 0 2
13
20 7 1
21 7 1
22 7 1
23 7 1
17 6 1
17 5 1
17 4 1
17 3 1
17 8 1
17 9 1
17 10 1
17 11 1
31 3 1
56 68
2
0 1 17 8 ROCK 0 1
1 1 31 3 PAPER 0 1
9
17 6 1
17 5 1
17 4 1
17 3 1
17 9 1
17 10 1
17 11 1
30 3 1
29 3 1
58 70
2
0 1 17 9 ROCK 0 0
1 1 30 3 PAPER 0 0
9
16 9 1
15 9 1
17 6 1
17 5 1
17 4 1
17 3 1
17 10 1
17 11 1
29 3 1
58 70
2
0 1 17 9 ROCK 5 9
1 1 30 3 PAPER 5 9
9
16 9 1
15 9 1
17 6 1
17 5 1
17 4 1
17 3 1
17 10 1
17 11 1
29 3 1
62 73
3
0 1 17 11 ROCK 4 8
0 0 29 3 ROCK 4 8
1 1 29 2 PAPER 4 8
7
16 11 1
15 11 1
17 6 1
17 5 1
17 4 1
17 3 1
29 1 1
66 75
2
0 1 15 11 ROCK 3 7
1 1 30 1 PAPER 3 7
14
15 10 1
15 9 1
15 8 1
15 7 1
15 6 1
15 5 1
15 4 1
15 3 1
31 1 1
32 1 1
0 1 1
1 1 1
2 1 1
3 1 1
70 79
2
0 1 15 9 ROCK 2 6
1 1 32 1 PAPER 2 6
11
16 9 1
15 8 1
15 7 1
15 6 1
15 5 1
15 4 1
15 3 1
0 1 1
1 1 1
2 1 1
3 1 1
74 83
2
0 1 15 7 ROCK 1 5
1 1 1 1 PAPER 1 5
12
14 7 1
13 7 1
12 7 1
11 7 1
10 7 1
9 7 1
15 6 1
15 5 1
15 4 1
15 3 1
2 1 1
3 1 1
78 87
2
0 1 15 5 ROCK 0 4
1 1 3 1 PAPER 0 4
7
14 5 1
13 5 1
15 4 1
15 3 1
3 2 1
3 3 1
3 4 1
80 89
2
0 1 15 4 ROCK 0 3
1 1 3 2 PAPER 0 3
3
15 3 1
3 3 1
3 4 1
82 91
2
0 1 15 3 ROCK 0 2
1 1 3 3 PAPER 0 2
9
14 3 1
13 3 1
16 3 1
17 3 1
18 3 1
19 3 1
2 3 1
1 3 1
3 4 1
84 93
2
0 1 16 3 ROCK 0 1
1 1 2 3 PAPER 0 1
6
14 3 1
13 3 1
17 3 1
18 3 1
19 3 1
1 3 1
84 95
2
0 1 15 3 ROCK 0 0
1 1 3 3 PAPER 0 0
7
14 3 1
13 3 1
17 3 1
18 3 1
19 3 1
1 3 1
3 4 1
84 95
2
0 1 15 3 ROCK 5 9
1 1 3 3 PAPER 5 9
7
14 3 1
13 3 1
17 3 1
18 3 1
19 3 1
1 3 1
3 4 1
86 99
2
0 1 13 3 DEAD 5 9
1 1 3 5 PAPER 4 8
0
86 101
2
0 1 13 3 DEAD 5 9
1 1 3 7 PAPER 3 7
0
86 104
2
0 1 13 3 DEAD 5 9
1 1 3 5 PAPER 2 6
0
86 108
2
0 1 13 3 DEAD 5 9
1 1 5 5 PAPER 1 5
4
5 4 1
5 3 1
5 2 1
5 1 1
86 109
2
0 1 13 3 DEAD 5 9
1 1 7 5 PAPER 0 4
3
7 6 1
7 7 1
7 8 1
86 110
2
0 1 13 3 DEAD 5 9
1 1 8 5 PAPER 0 3
0
86 110
2
0 1 13 3 DEAD 5 9
1 1 9 5 PAPER 0 2
4
9 2 1
9 1 1
9 6 1
9 7 1
87 110
2
0 1 13 3 DEAD 5 9
1 1 9 6 PAPER 0 1
3
9 2 1
9 1 1
9 7 1
88 110
2
0 1 13 3 DEAD 5 9
1 1 9 7 PAPER 0 0
7
10 7 1
11 7 1
12 7 1
13 7 1
14 7 1
9 2 1
9 1 1
88 110
2
0 1 13 3 DEAD 5 9
1 1 9 7 PAPER 5 9
7
10 7 1
11 7 1
12 7 1
13 7 1
14 7 1
9 2 1
9 1 1
90 112
2
0 1 13 3 DEAD 5 9
1 1 11 7 PAPER 4 8
6
12 7 1
13 7 1
14 7 1
11 6 1
11 5 1
11 4 1
92 116
2
0 1 13 3 DEAD 5 9
1 1 11 5 PAPER 3 7
1
11 4 1
93 120
2
0 1 13 3 DEAD 5 9
1 1 11 3 PAPER 2 6
0
93 124
3
0 1 13 3 DEAD 5 9
1 1 11 1 PAPER 1 5
1 0 15 1 PAPER 1 5
3
14 1 1
20 1 1
21 1 1
93 125
3
0 1 13 3 DEAD 5 9
1 1 12 1 PAPER 0 4
1 0 14 1 PAPER 0 4
2
20 1 1
21 1 1
93 125
3
0 1 13 3 DEAD 5 9
1 1 12 1 PAPER 0 3
1 0 14 1 PAPER 0 3
2
20 1 1
21 1 1
93 125
3
0 1 13 3 DEAD 5 9
1 1 12 1 PAPER 0 2
1 0 14 1 PAPER 0 2
2
20 1 1
21 1 1
93 126
3
0 1 13 3 DEAD 5 9
1 1 12 1 PAPER 0 1
1 0 14 1 PAPER 0 1
2
20 1 1
21 1 1
93 127
3
0 1 13 3 DEAD 5 9
1 1 12 1 PAPER 0 0
1 0 14 1 PAPER 0 0
2
20 1 1
21 1 1
93 127
3
0 1 13 3 DEAD 5 9
1 1 13 1 PAPER 0 0
1 0 14 1 SCISSORS 0 9
2
20 1 1
21 1 1
93 127
3
0 1 13 3 DEAD 5 9
1 1 12 1 PAPER 0 0
1 0 13 1 SCISSORS 0 8
2
20 1 1
21 1 1
93 127
3
0 1 13 3 DEAD 5 9
1 1 11 1 PAPER 0 0
1 0 12 1 SCISSORS 0 7
2
20 1 1
21 1 1
93 127
3
0 1 13 3 DEAD 5 9
1 1 11 2 PAPER 0 0
1 0 11 1 SCISSORS 0 6
0
93 127
3
0 1 13 3 DEAD 5 9
1 1 11 3 PAPER 0 0
1 0 11 2 SCISSORS 0 5
0
93 127
3
0 1 13 3 DEAD 5 9
1 1 10 3 PAPER 0 0
1 0 11 3 SCISSORS 0 4
0
93 127
3
0 1 13 3 DEAD 5 9
1 1 9 3 PAPER 0 0
1 0 10 3 SCISSORS 0 3
2
9 2 1
9 1 1
94 127
3
0 1 13 3 DEAD 5 9
1 1 9 2 PAPER 0 0
1 0 9 3 SCISSORS 0 2
1
9 1 1
95 127
3
0 1 13 3 DEAD 5 9
1 1 9 1 PAPER 0 0
1 0 9 2 SCISSORS 0 1
0
95 127
3
0 1 13 3 DEAD 5 9
1 1 9 1 ROCK 0 9
1 0 9 1 DEAD 0 1
0
95 127
3
0 1 13 3 DEAD 5 9
1 1 9 2 ROCK 0 8
1 0 9 1 DEAD 0 1
0
95 127
3
0 1 13 3 DEAD 5 9
1 1 9 3 ROCK 0 7
1 0 9 1 DEAD 0 1
0
95 127
3
0 1 13 3 DEAD 5 9
1 1 9 4 ROCK 0 6
1 0 9 1 DEAD 0 1
0
95 127
3
0 1 13 3 DEAD 5 9
1 1 9 5 ROCK 0 5
1 0 9 1 DEAD 0 1
0
95 129
3
0 1 13 3 DEAD 5 9
1 1 8 5 ROCK 0 4
1 0 9 1 DEAD 0 1
0
95 131
3
0 1 13 3 DEAD 5 9
1 1 7 5 ROCK 0 3
1 0 9 1 DEAD 0 1
3
7 6 1
7 7 1
7 8 1
96 132
3
0 1 13 3 DEAD 5 9
1 1 7 6 ROCK 0 2
1 0 9 1 DEAD 0 1
2
7 7 1
7 8 1
97 133
3
0 1 13 3 DEAD 5 9
1 1 7 7 ROCK 0 1
1 0 9 1 DEAD 0 1
1
7 8 1
98 134
3
0 1 13 3 DEAD 5 9
1 1 7 8 ROCK 0 0
1 0 9 1 DEAD 0 1
0
98 135
3
0 1 13 3 DEAD 5 9
1 1 7 8 ROCK 5 9
1 0 9 1 DEAD 0 1
0
98 135
4
0 1 13 3 DEAD 5 9
0 0 2 9 ROCK 5 9
1 1 6 9 ROCK 4 8
1 0 9 1 DEAD 0 1
0
98 135
3
0 1 13 3 DEAD 5 9
1 1 5 10 ROCK 3 7
1 0 9 1 DEAD 0 1
3
5 12 1
5 13 1
5 14 1
99 136
3
0 1 13 3 DEAD 5 9
1 1 5 12 ROCK 2 6
1 0 9 1 DEAD 0 1
2
5 13 1
5 14 1
101 138
3
0 1 13 3 DEAD 5 9
1 1 5 14 ROCK 1 5
1 0 9 1 DEAD 0 1
0
101 140
3
0 1 13 3 DEAD 5 9
1 1 5 12 ROCK 0 4
1 0 9 1 DEAD 0 1
0
101 140
3
0 1 13 3 DEAD 5 9
1 1 5 11 ROCK 0 3
1 0 9 1 DEAD 0 1
0
101 140
3
0 1 13 3 DEAD 5 9
1 1 6 11 ROCK 0 2
1 0 9 1 DEAD 0 1
0
101 140
3
0 1 13 3 DEAD 5 9
1 1 7 11 ROCK 0 1
1 0 9 1 DEAD 0 1
0
101 140
3
0 1 13 3 DEAD 5 9
1 1 7 12 ROCK 0 0
1 0 9 1 DEAD 0 1
0
101 140
3
0 1 13 3 DEAD 5 9
1 1 7 12 ROCK 5 9
1 0 9 1 DEAD 0 1
0
101 140
3
0 1 13 3 DEAD 5 9
1 1 8 13 ROCK 4 8
1 0 9 1 DEAD 0 1
3
10 13 1
11 13 1
12 13 1
102 141
3
0 1 13 3 DEAD 5 9
1 1 9 14 ROCK 3 7
1 0 9 1 DEAD 0 1
0
103 142
3
0 1 13 3 DEAD 5 9
1 1 10 13 ROCK 2 6
1 0 9 1 DEAD 0 1
2
11 13 1
12 13 1
105 142
3
0 1 13 3 DEAD 5 9
1 1 11 14 ROCK 1 5
1 0 9 1 DEAD 0 1
0
106 142
3
0 1 13 3 DEAD 5 9
1 1 12 13 ROCK 0 4
1 0 9 1 DEAD 0 1
0
106 142
3
0 1 13 3 DEAD 5 9
1 1 13 13 ROCK 0 3
1 0 9 1 DEAD 0 1
4
13 8 1
13 7 1
13 6 1
13 5 1
106 142
3
0 1 13 3 DEAD 5 9
1 1 14 13 ROCK 0 2
1 0 9 1 DEAD 0 1
0
106 142
3
0 1 13 3 DEAD 5 9
1 1 15 13 ROCK 0 1
1 0 9 1 DEAD 0 1
0
